student     = zilongg
target_id   = 48
target_type = r
level       = 2
-->8--
PASS
-->8--
00 00 00 00 00 00 00 00 00 00 00 00 00 00 00 00 00 00 00 00 00 00 00 00 00 00 00 00 00 00 00 00 00 00 00 00 00 00 00 00 CB 2C 40 00 00 00 00 00 45 32 2A 1C 00 00 00 00 D9 2C 40 00 00 00 00 00 CE 2B 40 00 00 00 00 00 
-->8--
Previous Scores for 18213-m24:attacklab

| version | phase1 (10.0) | phase2 (25.0) | phase3 (25.0) | phase4 (35.0) | phase5 (5.0) | 
+---------+---------------+---------------+---------------+---------------+--------------+
|      26 |          10.0 |          25.0 |          25.0 |           0.0 |          0.0 | 
